//org.eclipse.ui.commands/state/org.eclipse.ui.navigator.resources.nested.changeProjectPresentation/org.eclipse.ui.commands.radioState=false
ColorsAndFontsPreferencePage.expandedCategories=Torg.eclipse.ui.workbenchMisc
ColorsAndFontsPreferencePage.selectedElement=Forg.eclipse.jface.textfont
PLUGINS_NOT_ACTIVATED_ON_STARTUP=;org.eclipse.m2e.discovery;
eclipse.preferences.version=1
org.eclipse.compare.contentmergeviewer.TextMergeViewer=1|\uC2A4\uD50C\uB7982K|15.857142|0|WINDOWS|1|-37|0|0|0|400|0|0|0|-127|3|2|1|18|\uC2A4\uD50C\uB7982K;
org.eclipse.debug.ui.DetailPaneFont=1|\uC2A4\uD50C\uB7982K|15.857142|0|WINDOWS|1|-37|0|0|0|400|0|0|0|-127|3|2|1|18|\uC2A4\uD50C\uB7982K;
org.eclipse.debug.ui.MemoryViewTableFont=1|\uC2A4\uD50C\uB7982K|15.857142|0|WINDOWS|1|-37|0|0|0|400|0|0|0|-127|3|2|1|18|\uC2A4\uD50C\uB7982K;
org.eclipse.debug.ui.consoleFont=1|\uC2A4\uD50C\uB7982K|15.857142|0|WINDOWS|1|-37|0|0|0|400|0|0|0|-127|3|2|1|18|\uC2A4\uD50C\uB7982K;
org.eclipse.egit.ui.CommitMessageEditorFont=1|\uC2A4\uD50C\uB7982K|15.857142|0|WINDOWS|1|-37|0|0|0|400|0|0|0|-127|3|2|1|18|\uC2A4\uD50C\uB7982K;
org.eclipse.egit.ui.CommitMessageFont=1|\uC2A4\uD50C\uB7982K|15.857142|0|WINDOWS|1|-37|0|0|0|400|0|0|0|-127|3|2|1|18|\uC2A4\uD50C\uB7982K;
org.eclipse.egit.ui.DiffHeadlineFont=1|\uC2A4\uD50C\uB7982K|15.857142|0|WINDOWS|1|-37|0|0|0|400|0|0|0|-127|3|2|1|18|\uC2A4\uD50C\uB7982K;
org.eclipse.jdt.internal.ui.compare.JavaMergeViewer=1|\uC2A4\uD50C\uB7982K|15.857142|0|WINDOWS|1|-37|0|0|0|400|0|0|0|-127|3|2|1|18|\uC2A4\uD50C\uB7982K;
org.eclipse.jdt.internal.ui.compare.PropertiesFileMergeViewer=1|\uC2A4\uD50C\uB7982K|15.857142|0|WINDOWS|1|-37|0|0|0|400|0|0|0|-127|3|2|1|18|\uC2A4\uD50C\uB7982K;
org.eclipse.jdt.ui.PropertiesFileEditor.textfont=1|\uC2A4\uD50C\uB7982K|15.857142|0|WINDOWS|1|-37|0|0|0|400|0|0|0|-127|3|2|1|18|\uC2A4\uD50C\uB7982K;
org.eclipse.jdt.ui.editors.textfont=1|\uC2A4\uD50C\uB7982K|15.857142|0|WINDOWS|1|-37|0|0|0|400|0|0|0|-127|3|2|1|18|\uC2A4\uD50C\uB7982K;
org.eclipse.jface.textfont=1|\uC2A4\uD50C\uB7982K|15.857142|0|WINDOWS|1|-37|0|0|0|400|0|0|0|-127|3|2|1|18|\uC2A4\uD50C\uB7982K;
org.eclipse.mylyn.wikitext.ui.presentation.textFont=1|\uC2A4\uD50C\uB7982K|15.857142|0|WINDOWS|1|-37|0|0|0|400|0|0|0|-127|3|2|1|18|\uC2A4\uD50C\uB7982K;
org.eclipse.recommenders.snipmatch.rcp.searchTextFont=1|\uC2A4\uD50C\uB7982K|15.857142|0|WINDOWS|1|-37|0|0|0|400|0|0|0|-127|3|2|1|18|\uC2A4\uD50C\uB7982K;
org.eclipse.ui.commands=<?xml version\="1.0" encoding\="UTF-8"?>\r\n<org.eclipse.ui.commands/>
org.eclipse.wst.sse.ui.textfont=1|\uC2A4\uD50C\uB7982K|15.857142|0|WINDOWS|1|-37|0|0|0|400|0|0|0|-127|3|2|1|18|\uC2A4\uD50C\uB7982K;
